#Conditions de l'expérience:
#q=2, nb_lr_images=8, dt = 0.05, lambda=4.0, beta=0.8, nb_iterations=750, version_tau=1, C=0.25
0	17700.36659	2.2726650637461696e-11	5.650980997961917	hr_images/hr_0.png
5	13903.644877492972	0.007412768052900263	6.6995169423417655	hr_images/hr_5.png
10	12356.15638203823	0.013158357248171134	7.211969646840711	hr_images/hr_10.png
15	9927.905616799071	0.023225865323009864	8.162227211341055	hr_images/hr_15.png
20	7580.999642321958	0.03574878835497681	9.333538847187175	hr_images/hr_20.png
25	5661.358580804369	0.05187726775462121	10.601596976397865	hr_images/hr_25.png
30	4169.251422833388	0.07382697396217158	11.930222752266811	hr_images/hr_30.png
35	3026.1633772267164	0.10457435891665844	13.321879897542185	hr_images/hr_35.png
40	2181.4099416954446	0.1455491329430615	14.743430727827803	hr_images/hr_40.png
45	1585.4922298243007	0.1958095307585567	16.129162428887188	hr_images/hr_45.png
50	1176.8774715199543	0.2514280217328484	17.423491114592885	hr_images/hr_50.png
55	904.676637288158	0.30659828776871567	18.565869857914528	hr_images/hr_55.png
60	722.1295897059072	0.356922910431502	19.544652200240122	hr_images/hr_60.png
65	597.5081107983456	0.39975634398992604	20.367365559321577	hr_images/hr_65.png
70	508.3877919281276	0.43424437837768987	21.068852477072348	hr_images/hr_70.png
75	444.66771644175014	0.4605825843067793	21.650447607199634	hr_images/hr_75.png
80	399.42338859841993	0.4801312224453848	22.11646869081761	hr_images/hr_80.png
85	365.6529403456236	0.49399099169877053	22.50011290776877	hr_images/hr_85.png
90	340.1844467116567	0.5039119937081881	22.81365907151953	hr_images/hr_90.png
95	320.49758067626306	0.5112661854521536	23.072556053373003	hr_images/hr_95.png
100	304.499696949451	0.5169300284089445	23.294934961264275	hr_images/hr_100.png
105	291.12207406126873	0.5214539569446685	23.490052242042836	hr_images/hr_105.png
110	279.92446829235564	0.5249932851541024	23.660394989151186	hr_images/hr_110.png
115	270.4163853804727	0.5278793918343182	23.810473575305387	hr_images/hr_115.png
120	262.3905086281746	0.5301765499214802	23.94132239481976	hr_images/hr_120.png
125	255.49543097821748	0.5319441080371256	24.056972228108396	hr_images/hr_125.png
130	249.45614209777847	0.5333934796780883	24.160861592820947	hr_images/hr_130.png
135	244.10898274452526	0.5346419976310041	24.254965999488732	hr_images/hr_135.png
140	239.29745010152922	0.5355902504365216	24.341422899717124	hr_images/hr_140.png
145	234.70409791442947	0.5362180114702296	24.425596884568456	hr_images/hr_145.png
150	230.35068563368927	0.5366966973445013	24.50690851609428	hr_images/hr_150.png
155	225.90655890110364	0.5371368996383998	24.59151520592943	hr_images/hr_155.png
160	221.52776039458504	0.5375481283317729	24.676522039848876	hr_images/hr_160.png
165	217.15089801704988	0.5380616041388995	24.76318731162096	hr_images/hr_165.png
170	212.8639052339658	0.5388094364873393	24.84978335346391	hr_images/hr_170.png
175	208.802292159166	0.5395249125332345	24.933450989772766	hr_images/hr_175.png
180	204.75344142790647	0.5401953475168484	25.018491508965568	hr_images/hr_180.png
185	201.0449831694594	0.5408493975433765	25.097871205789662	hr_images/hr_185.png
190	197.74420970567192	0.541272838249542	25.169765854096614	hr_images/hr_190.png
195	194.56387122404948	0.5417383101205887	25.240181620616752	hr_images/hr_195.png
200	191.28286943855565	0.5422600159087017	25.314042828501968	hr_images/hr_200.png
205	188.1022828997016	0.5427654319329617	25.386862944790053	hr_images/hr_205.png
210	184.95686331699116	0.5433242187876531	25.460099092641173	hr_images/hr_210.png
215	181.94109853644298	0.543895564998413	25.531495482722324	hr_images/hr_215.png
220	178.97742346779955	0.5444520504796994	25.602821091155626	hr_images/hr_220.png
225	176.1025092900833	0.5449930184152617	25.673148165810847	hr_images/hr_225.png
230	173.2665865684076	0.5454153166138415	25.74365541189643	hr_images/hr_230.png
235	170.50378940851337	0.5457974773884873	25.8134632533459	hr_images/hr_235.png
240	167.71668431539018	0.546309050062269	25.885040928611804	hr_images/hr_240.png
245	165.02629007684655	0.546879609617202	25.955272243764753	hr_images/hr_245.png
250	162.56401244740186	0.5474514305821891	26.02055950761994	hr_images/hr_250.png
255	160.31749184166347	0.5479548383024697	26.080994511408765	hr_images/hr_255.png
260	158.23284048499042	0.5484700755421126	26.137837365655415	hr_images/hr_260.png
265	156.1573542632785	0.5489366117646679	26.195179186305428	hr_images/hr_265.png
270	154.1453696513263	0.5493516844357181	26.251498773135317	hr_images/hr_270.png
275	152.2905694175117	0.5498396513297212	26.304073503535655	hr_images/hr_275.png
280	150.60110999826287	0.5503319927470907	26.352521880447696	hr_images/hr_280.png
285	149.0410768646789	0.5508360649276264	26.39774381065753	hr_images/hr_285.png
290	147.5098427973535	0.5512385031974392	26.442593606896114	hr_images/hr_290.png
295	145.95950369074464	0.5515566889213369	26.488479829137034	hr_images/hr_295.png
300	144.59161103025502	0.5519582711356452	26.52937264236893	hr_images/hr_300.png
305	143.45304583408208	0.5524025151120618	26.56370587129451	hr_images/hr_305.png
310	142.47518456155393	0.5528199433420544	26.593411326390452	hr_images/hr_310.png
315	141.65151697174065	0.5531799711424951	26.618591310483165	hr_images/hr_315.png
320	140.9464097007508	0.5534873850681964	26.640263432144668	hr_images/hr_320.png
325	140.35139176792563	0.5537593549249353	26.658636372773366	hr_images/hr_325.png
330	139.8389440152353	0.5540230851798188	26.674522251119637	hr_images/hr_330.png
335	139.46577684215515	0.5541070931374213	26.68612710620621	hr_images/hr_335.png
340	139.16069496149822	0.5540948044412749	26.695637719421853	hr_images/hr_340.png
345	138.85707709700907	0.5541309090740382	26.705123416296477	hr_images/hr_345.png
350	138.53891519764014	0.5542191252940679	26.715085782132817	hr_images/hr_350.png
355	138.22126987839943	0.554364513783191	26.725054822288243	hr_images/hr_355.png
360	137.96655906203674	0.5545411680704603	26.733065279071457	hr_images/hr_360.png
365	137.81583898520793	0.5546906946559078	26.737812275591843	hr_images/hr_365.png
370	137.72974765338947	0.5547786655638224	26.74052609090068	hr_images/hr_370.png
375	137.68088868645415	0.5547958415829494	26.742067003062683	hr_images/hr_375.png
380	137.6502693520972	0.5547734308527739	26.743032953164395	hr_images/hr_380.png
385	137.61586525179385	0.5547790914670633	26.74411855790222	hr_images/hr_385.png
390	137.57238254303624	0.5547922266029447	26.7454910220812	hr_images/hr_390.png
395	137.53346686232825	0.5547242473896042	26.746719703008214	hr_images/hr_395.png
400	137.47440255582535	0.5546650365207139	26.748585198918594	hr_images/hr_400.png
405	137.43743230196867	0.5546492024323516	26.74975328084927	hr_images/hr_405.png
410	137.41063824892797	0.5547006533903489	26.750600040253254	hr_images/hr_410.png
415	137.38829919322154	0.5547273519786659	26.751306136771376	hr_images/hr_415.png
420	137.36994525755057	0.5546811506508544	26.751886356885308	hr_images/hr_420.png
425	137.34439214149626	0.5546222553782015	26.752694292680353	hr_images/hr_425.png
430	137.29869173618158	0.5545713200637318	26.75413961828272	hr_images/hr_430.png
435	137.256738862775	0.5545780467773809	26.755466847652944	hr_images/hr_435.png
440	137.2435146469445	0.5545422219062902	26.75588529564297	hr_images/hr_440.png
445	137.24285786968574	0.5545049356162631	26.755906078805115	hr_images/hr_445.png
450	137.2464228906496	0.5544727030370086	26.75579326792024	hr_images/hr_450.png
455	137.23884891094465	0.5544543075832004	26.756032941078015	hr_images/hr_455.png
460	137.24136461608612	0.5543815730272247	26.755953331925348	hr_images/hr_460.png
465	137.24893872191345	0.5543140390609657	26.75571365916992	hr_images/hr_465.png
470	137.2455095079819	0.5543257122106975	26.755822170558577	hr_images/hr_470.png
475	137.24905225342468	0.5542686376909255	26.755710066713114	hr_images/hr_475.png
480	137.24963814467955	0.5542648442566279	26.755691527510713	hr_images/hr_480.png
485	137.25612257702122	0.5542070259960049	26.755486347613765	hr_images/hr_485.png
490	137.25916980530363	0.5541875482031053	26.755389930804583	hr_images/hr_490.png
495	137.26046001942922	0.5541896384794905	26.755349108013466	hr_images/hr_495.png
500	137.26181560445238	0.5541849537279789	26.755306217279447	hr_images/hr_500.png
505	137.25676387719687	0.5542218862372817	26.755466056170903	hr_images/hr_505.png
510	137.25296931059444	0.5542554491593751	26.755586121810666	hr_images/hr_510.png
515	137.26000930406596	0.5542099110459837	26.755363368749336	hr_images/hr_515.png
520	137.2551601411085	0.554124344827574	26.755516800322443	hr_images/hr_520.png
525	137.24569701780825	0.5540270539537158	26.755816237072846	hr_images/hr_525.png
530	137.22967776487704	0.553988567124737	26.75632317312608	hr_images/hr_530.png
535	137.20337051401904	0.5539661447477844	26.757155805637968	hr_images/hr_535.png
540	137.16346436153046	0.5539645996982383	26.7584191523504	hr_images/hr_540.png
545	137.15082428347512	0.5539189630152866	26.758819387874496	hr_images/hr_545.png
550	137.14444775817827	0.5538500367240436	26.75902130821603	hr_images/hr_550.png
555	137.13221380487477	0.5537856703397326	26.759408737345787	hr_images/hr_555.png
560	137.12777423645238	0.553777963493581	26.759549339705018	hr_images/hr_560.png
565	137.12731416496402	0.5537683407448711	26.759563910556544	hr_images/hr_565.png
570	137.1160930926757	0.5537784524307933	26.75991930650406	hr_images/hr_570.png
575	137.11202468879637	0.5537664989722552	26.760048168954004	hr_images/hr_575.png
580	137.117141714325	0.5537298554853443	26.759886093126678	hr_images/hr_580.png
585	137.1134198397305	0.553764136692422	26.76000397857239	hr_images/hr_585.png
590	137.1082133318875	0.5537795106939796	26.760168893178164	hr_images/hr_590.png
595	137.11777164629254	0.5537052929688512	26.759866141182982	hr_images/hr_595.png
600	137.11666876913705	0.5537387261056321	26.759901072861307	hr_images/hr_600.png
605	137.11112069428316	0.5537471336655043	26.760076802556625	hr_images/hr_605.png
610	137.12165583574748	0.5537101956395362	26.759743118606508	hr_images/hr_610.png
615	137.12683820302215	0.5537385631462864	26.759578984723564	hr_images/hr_615.png
620	137.12383841372846	0.5537781525216352	26.75967399210537	hr_images/hr_620.png
625	137.12279774441402	0.5538028545208249	26.759706951994843	hr_images/hr_625.png
630	137.1222998289129	0.5538364131539523	26.759722721972604	hr_images/hr_630.png
635	137.11819029634765	0.5538567755649954	26.759852881258396	hr_images/hr_635.png
640	137.11860714992764	0.55381379152493	26.759839678273877	hr_images/hr_640.png
645	137.12223887845175	0.5537674567917777	26.759724652399303	hr_images/hr_645.png
650	137.10121517989245	0.5537737497603729	26.760390567451886	hr_images/hr_650.png
655	137.0839480496343	0.553863312257776	26.760937571477264	hr_images/hr_655.png
660	137.08234163528252	0.5538922016659029	26.760988464450975	hr_images/hr_660.png
665	137.08029376936304	0.5538714257906369	26.7610533439607	hr_images/hr_665.png
670	137.08497185117503	0.5537901728656711	26.760905136629447	hr_images/hr_670.png
675	137.09405707058073	0.5536993830600064	26.76061732025839	hr_images/hr_675.png
680	137.08569748780525	0.5536458497942133	26.760882148030035	hr_images/hr_680.png
685	137.08182922520405	0.553622074035771	26.76100469829137	hr_images/hr_685.png
690	137.07304835728183	0.5536120665052051	26.761282897426092	hr_images/hr_690.png
695	137.07231185539538	0.5535609281075504	26.761306232397363	hr_images/hr_695.png
700	137.076192714058	0.5535048778758126	26.761183274549754	hr_images/hr_700.png
705	137.0901794978163	0.5534756127855052	26.760740157987936	hr_images/hr_705.png
710	137.07921460769583	0.5535051367333427	26.761087533835052	hr_images/hr_710.png
715	137.0825577947111	0.5534996643793394	26.760981616247776	hr_images/hr_715.png
720	137.0796239311417	0.5534863453019861	26.76107456566559	hr_images/hr_720.png
725	137.07700451944356	0.5534441483191065	26.76115755443393	hr_images/hr_725.png
730	137.07018970441882	0.5534645526906006	26.76137347030857	hr_images/hr_730.png
735	137.0675972106673	0.5535322135311809	26.761455611901916	hr_images/hr_735.png
740	137.06511970491024	0.5535771594284262	26.761534111622147	hr_images/hr_740.png
745	137.07126079365412	0.5535846422114471	26.761339533948806	hr_images/hr_745.png
750	137.08238783860912	0.5535557962042801	26.760987000670436	hr_images/hr_750.png
