#Conditions de l'expérience:
#q=2, nb_lr_images=8, dt = 0.03333333333333333, lambda=6, beta=0.8, nb_iterations=750, version_tau=3, C=0.6666666666666666
0	17700.36659	2.2726650637461696e-11	5.650980997961917	hr_images/hr_0.png
5	14554.013997718494	0.006508637052424566	6.500975725877558	hr_images/hr_5.png
10	13208.554789702774	0.011326900592310882	6.922250588622344	hr_images/hr_10.png
15	10380.28517229488	0.02301403788062054	7.968710760401701	hr_images/hr_15.png
20	7292.954551084385	0.042768269453873575	9.501768537734112	hr_images/hr_20.png
25	4691.436390602872	0.0754289309842938	11.417745285995036	hr_images/hr_25.png
30	2890.9808515714603	0.12191613258915934	13.520351457397613	hr_images/hr_30.png
35	1800.92566972484	0.17935852971922162	15.575845724761999	hr_images/hr_35.png
40	1178.5293225679188	0.24005917470669433	17.417399683469668	hr_images/hr_40.png
45	824.858407053075	0.2979187824268213	18.967009557277883	hr_images/hr_45.png
50	620.0562058055378	0.3492903187285938	20.206493023941235	hr_images/hr_50.png
55	495.1607016431381	0.3909464792607822	21.183341912063685	hr_images/hr_55.png
60	416.23230444491526	0.4231418472851595	21.937445774052712	hr_images/hr_60.png
65	362.9541502178359	0.4479583827143984	22.532285941376863	hr_images/hr_65.png
70	323.8853176290747	0.46722172483496566	23.026890998512535	hr_images/hr_70.png
75	295.7327031576573	0.48228547549093853	23.42181007881919	hr_images/hr_75.png
80	272.92862411655597	0.49402050323623814	23.77031275018592	hr_images/hr_80.png
85	255.2946174132353	0.5033209145510658	24.06038702555525	hr_images/hr_85.png
90	239.67753091993174	0.5110245785095827	24.334530387861726	hr_images/hr_90.png
95	226.81751443764364	0.517178143191144	24.574037739189215	hr_images/hr_95.png
100	215.6795596885536	0.5222551234088774	24.792713726272368	hr_images/hr_100.png
105	206.09479816720096	0.5264843851740905	24.990133305432845	hr_images/hr_105.png
110	196.8366393386664	0.5300981879311963	25.189744193053592	hr_images/hr_110.png
115	189.2516615749098	0.5330968106796666	25.360406596989872	hr_images/hr_115.png
120	182.3422088689	0.5357117552748427	25.52193149387739	hr_images/hr_120.png
125	176.4165158706202	0.5378262596834094	25.665411201190928	hr_images/hr_125.png
130	171.53080600489318	0.5396116513683625	25.78738232544657	hr_images/hr_130.png
135	167.08778606014346	0.5411571300998588	25.901356562800366	hr_images/hr_135.png
140	164.07178470613974	0.5424511389874732	25.98046458669186	hr_images/hr_140.png
145	160.85562892508204	0.5435523417127963	26.06644097816252	hr_images/hr_145.png
150	158.33530392687555	0.5445318961668765	26.135026008306482	hr_images/hr_150.png
155	155.83374644678415	0.545405754405357	26.204188490678856	hr_images/hr_155.png
160	153.85307820787216	0.5461743963545426	26.25974171072087	hr_images/hr_160.png
165	151.7735189471111	0.5468346301989498	26.318843572819777	hr_images/hr_165.png
170	150.18847626747103	0.5474845148061892	26.364437496740926	hr_images/hr_170.png
175	148.58577977981224	0.5481170984264173	26.41103113076406	hr_images/hr_175.png
180	147.28082009545764	0.5486172193875055	26.449341671078272	hr_images/hr_180.png
185	146.19358513223779	0.5490924367510707	26.481520443527234	hr_images/hr_185.png
190	145.4314140479543	0.5494974429709966	26.504221340278633	hr_images/hr_190.png
195	144.75791567250974	0.5497702611143437	26.524380396677557	hr_images/hr_195.png
200	144.18946171193414	0.5500731169559465	26.541468403430276	hr_images/hr_200.png
205	143.6345121586645	0.5503962220042542	26.558215571786974	hr_images/hr_205.png
210	143.27964258666836	0.5506144648330727	26.568958713800292	hr_images/hr_210.png
215	142.96343675431243	0.5508042817106652	26.578553810688867	hr_images/hr_215.png
220	142.70814454362235	0.5509180049190809	26.586316012822294	hr_images/hr_220.png
225	142.4641571047863	0.5509452818901649	26.593747479594004	hr_images/hr_225.png
230	142.24903444324255	0.5510147920698097	26.600310336910997	hr_images/hr_230.png
235	142.03731038484062	0.5511191791549575	26.60677920950537	hr_images/hr_235.png
240	141.8418157478873	0.5512565435245707	26.612760787414857	hr_images/hr_240.png
245	141.6648003923557	0.5513769163337789	26.618184068406055	hr_images/hr_245.png
250	141.5030381980118	0.5515213405381552	26.62314596212787	hr_images/hr_250.png
255	141.34919260947197	0.5516032019541165	26.627870287374726	hr_images/hr_255.png
260	141.20734932547964	0.5516851141590045	26.63223060126346	hr_images/hr_260.png
265	141.08408524751212	0.5518012501971677	26.636023342078392	hr_images/hr_265.png
270	140.96506496369759	0.5518764768407838	26.639688650449266	hr_images/hr_270.png
275	140.85824533679704	0.5518850097149341	26.642980867597235	hr_images/hr_275.png
280	140.75863640353407	0.5518583103081964	26.646053099034575	hr_images/hr_280.png
285	140.6712689711867	0.5518103148765414	26.64874955696323	hr_images/hr_285.png
290	140.57917745401735	0.5518626368092779	26.651593629900674	hr_images/hr_290.png
295	140.49391462977232	0.5520117157455785	26.65422847302581	hr_images/hr_295.png
300	140.40696215260456	0.5521130994185202	26.65691717821324	hr_images/hr_300.png
305	140.34098823766172	0.5521313101134512	26.658958304974583	hr_images/hr_305.png
310	140.26212038319204	0.5521440831520322	26.66139960899762	hr_images/hr_310.png
315	140.19854501038972	0.5521664049195786	26.663368543502372	hr_images/hr_315.png
320	140.12975151085396	0.552239571530571	26.66550008985068	hr_images/hr_320.png
325	140.06798191379045	0.552366996602577	26.667414894461036	hr_images/hr_325.png
330	140.02279285521422	0.5523984307319562	26.668816251500985	hr_images/hr_330.png
335	139.9776353877296	0.552425522673655	26.670217080723884	hr_images/hr_335.png
340	139.92731678985115	0.5524367622384425	26.671778545747	hr_images/hr_340.png
345	139.8845234916652	0.5524090046667763	26.673106930806817	hr_images/hr_345.png
350	139.83574241535493	0.5524568244889602	26.67462168358377	hr_images/hr_350.png
355	139.7947823256823	0.5525280860027674	26.67589398681796	hr_images/hr_355.png
360	139.75274782624172	0.5526445118360582	26.677200051034248	hr_images/hr_360.png
365	139.7196758416599	0.5526713047703822	26.678227914913485	hr_images/hr_365.png
370	139.68805511480858	0.5526575624315765	26.67921090183349	hr_images/hr_370.png
375	139.66079447238087	0.5526649894729448	26.680058526345608	hr_images/hr_375.png
380	139.63218064026756	0.5526891771181281	26.68094840403991	hr_images/hr_380.png
385	139.60858655199831	0.5526361809449917	26.681682307077654	hr_images/hr_385.png
390	139.58629072291077	0.5525865670738374	26.682375941263015	hr_images/hr_390.png
395	139.5662477902628	0.5525442562609392	26.68299958130666	hr_images/hr_395.png
400	139.55220052577212	0.5524851518167365	26.683436718263827	hr_images/hr_400.png
405	139.53694538478595	0.5524443139563483	26.68391149298399	hr_images/hr_405.png
410	139.51287912383594	0.5524410406963244	26.684660595362033	hr_images/hr_410.png
415	139.4954468610993	0.5524103065077314	26.68520328422243	hr_images/hr_415.png
420	139.47688971188035	0.5523744894642172	26.685781066780837	hr_images/hr_420.png
425	139.45843817421218	0.5524051119374555	26.686355637314037	hr_images/hr_425.png
430	139.43930979239266	0.5525313334228769	26.686951364654654	hr_images/hr_430.png
435	139.42650693763787	0.5525377339811963	26.687350137745	hr_images/hr_435.png
440	139.41677159118436	0.5524676865661781	26.687653391046872	hr_images/hr_440.png
445	139.40304403983177	0.5524017482896385	26.688081036391505	hr_images/hr_445.png
450	139.38979934365247	0.5524314895966086	26.688493679585616	hr_images/hr_450.png
455	139.38060379329082	0.5524206675965918	26.68878019327119	hr_images/hr_455.png
460	139.37854777697322	0.5523535157534379	26.688844256928753	hr_images/hr_460.png
465	139.37543356290945	0.5523110641858721	26.688941294895848	hr_images/hr_465.png
470	139.3627226569971	0.5523556358408577	26.689337385361277	hr_images/hr_470.png
475	139.3548259233508	0.552397114277197	26.689583477354123	hr_images/hr_475.png
480	139.3468787376932	0.5525190029591999	26.689831155701327	hr_images/hr_480.png
485	139.3384749853573	0.5526112717458503	26.690093078563017	hr_images/hr_485.png
490	139.32498411553988	0.5526582037680078	26.69051358653642	hr_images/hr_490.png
495	139.32441057920957	0.552663698726377	26.690531464462453	hr_images/hr_495.png
500	139.31745053759178	0.5526387551937758	26.69074842451698	hr_images/hr_500.png
505	139.31304692177181	0.5526063845641186	26.690885700663607	hr_images/hr_505.png
510	139.297950732132	0.5525692689763209	26.691356334767782	hr_images/hr_510.png
515	139.29571952845512	0.5525343659964054	26.691425898404603	hr_images/hr_515.png
520	139.29345657773325	0.552481903177653	26.691496452977116	hr_images/hr_520.png
525	139.29423061659665	0.5524324282661318	26.691472319763584	hr_images/hr_525.png
530	139.28370845525134	0.5524354029109994	26.691800394314452	hr_images/hr_530.png
535	139.288799585479	0.5524406644289305	26.691641652895186	hr_images/hr_535.png
540	139.28223778183172	0.5524418955230362	26.691846250985694	hr_images/hr_540.png
545	139.2811527128285	0.5524285852272672	26.691880084540042	hr_images/hr_545.png
550	139.27642014266442	0.5524336578892436	26.692027653969703	hr_images/hr_550.png
555	139.27122977204098	0.5523867726197845	26.69218950414663	hr_images/hr_555.png
560	139.26724743943535	0.5523475456799027	26.692313688431195	hr_images/hr_560.png
565	139.27344434724913	0.5523476173666233	26.692120446800928	hr_images/hr_565.png
570	139.26844644476193	0.5523571456848432	26.69227629850893	hr_images/hr_570.png
575	139.2732284348221	0.5523279216490026	26.692127179573912	hr_images/hr_575.png
580	139.2795362313848	0.5523044319847064	26.69193048856322	hr_images/hr_580.png
585	139.27707767423232	0.5522863447804313	26.692007150738988	hr_images/hr_585.png
590	139.28042238551927	0.5522446485413509	26.691902857036233	hr_images/hr_590.png
595	139.285270701339	0.5522255067868351	26.691751682870894	hr_images/hr_595.png
600	139.28085913014993	0.5522346720160455	26.691889238791653	hr_images/hr_600.png
605	139.28952299725393	0.5522431303431111	26.691619097389854	hr_images/hr_605.png
610	139.2850712190169	0.5522115039288865	26.69175790277723	hr_images/hr_610.png
615	139.2949730336125	0.5522324895856411	26.691449172591398	hr_images/hr_615.png
620	139.29298030763925	0.5522374555626234	26.69151130233418	hr_images/hr_620.png
625	139.29128166257763	0.552249249472987	26.691564263845486	hr_images/hr_625.png
630	139.29932138098496	0.5522485977315953	26.69131360174108	hr_images/hr_630.png
635	139.29492660231546	0.5522456781559474	26.69145062022867	hr_images/hr_635.png
640	139.30438145696195	0.5522498951207443	26.691155846258816	hr_images/hr_640.png
645	139.31305259808676	0.5522249829368276	26.690885523710172	hr_images/hr_645.png
650	139.31421791665767	0.5522190601319146	26.690849196223347	hr_images/hr_650.png
655	139.32089074192504	0.5522229058202376	26.690641184303608	hr_images/hr_655.png
660	139.32886533971902	0.5522258029818898	26.69039260530846	hr_images/hr_660.png
665	139.3307888989018	0.5522209106455365	26.690332647497847	hr_images/hr_665.png
670	139.33396908572388	0.5522206116466337	26.69023352211161	hr_images/hr_670.png
675	139.33772612857507	0.5522205626129996	26.690116419226264	hr_images/hr_675.png
680	139.3315224391097	0.5522475896842727	26.69030978308801	hr_images/hr_680.png
685	139.3358502168991	0.5523072825195589	26.69017488893122	hr_images/hr_685.png
690	139.33001681676566	0.5523754937207133	26.690356713387587	hr_images/hr_690.png
695	139.33904248971194	0.5523711864278517	26.69007539044724	hr_images/hr_695.png
700	139.33071240748302	0.5524103861347212	26.69033503173829	hr_images/hr_700.png
705	139.3362169208331	0.5524064630770709	26.690163459188973	hr_images/hr_705.png
710	139.33614467808232	0.5524235037605799	26.690165710910513	hr_images/hr_710.png
715	139.34374870399833	0.5524062541417228	26.689928708774744	hr_images/hr_715.png
720	139.34530394996088	0.5523955911894319	26.689880236491167	hr_images/hr_720.png
725	139.35662529835773	0.552356646392908	26.68952740081813	hr_images/hr_725.png
730	139.36506306973502	0.5523028860580753	26.689264451955314	hr_images/hr_730.png
735	139.37391492882202	0.5522451822083346	26.688988615860563	hr_images/hr_735.png
740	139.37791169343473	0.5522969888387808	26.688864076922975	hr_images/hr_740.png
745	139.38538282605506	0.5523045008803732	26.68863128647064	hr_images/hr_745.png
750	139.392127328527	0.5523207816054262	26.688421147553353	hr_images/hr_750.png
