#Conditions de l'expérience:
#q=2, nb_lr_images=8, dt = 0.03333333333333333, lambda=6, beta=0.8, nb_iterations=750, version_tau=1, C=0.16666666666666666
0	17700.36659	2.2726650637461696e-11	5.650980997961917	hr_images/hr_0.png
5	14423.299997417358	0.006816577843030222	6.540157241527326	hr_images/hr_5.png
10	13184.090450948284	0.011608249776216559	6.930301869780848	hr_images/hr_10.png
15	11317.726518549132	0.019177306213872373	7.593211654301138	hr_images/hr_15.png
20	9580.877545572645	0.02728274356954866	8.316750714401437	hr_images/hr_20.png
25	8129.747860179504	0.03571480541888499	9.030032844781202	hr_images/hr_25.png
30	6926.669183399377	0.04534705293264568	9.725559145700334	hr_images/hr_30.png
35	5914.0977765815105	0.05691086597396005	10.411918605156902	hr_images/hr_35.png
40	5064.061750444197	0.07082653032876994	11.085813681015694	hr_images/hr_40.png
45	4358.147775511386	0.08759861726002612	11.737784087068539	hr_images/hr_45.png
50	3774.600462446971	0.10715656135202058	12.362093720914622	hr_images/hr_50.png
55	3296.4747861339347	0.12922672716920033	12.950306025794152	hr_images/hr_55.png
60	2905.469567567926	0.1534329694132446	13.498640299509868	hr_images/hr_60.png
65	2586.0704792089896	0.17919099666578794	14.004400041617203	hr_images/hr_65.png
70	2325.7894067531724	0.20524541554236642	14.465099727564734	hr_images/hr_70.png
75	2111.988656751747	0.2305901212540815	14.883887795456019	hr_images/hr_75.png
80	1934.7990239079336	0.254614320737289	15.264445012498518	hr_images/hr_80.png
85	1785.792419483814	0.2770386501119693	15.612493857734497	hr_images/hr_85.png
90	1658.1781839254124	0.29733962423961535	15.93449163883056	hr_images/hr_90.png
95	1549.0220885423428	0.3149827446327095	16.230227501689647	hr_images/hr_95.png
100	1454.6501274377501	0.32998711534348973	16.50321811528753	hr_images/hr_100.png
105	1372.0657383655985	0.34300893587292863	16.757054410966823	hr_images/hr_105.png
110	1298.7043812741395	0.3545667861958471	16.995700552084468	hr_images/hr_110.png
115	1232.5101831433774	0.36486720065921485	17.222898447119835	hr_images/hr_115.png
120	1173.322746116583	0.37397521931920413	17.436628708513943	hr_images/hr_120.png
125	1119.5562568830753	0.38195629985797397	17.640344394244718	hr_images/hr_125.png
130	1069.9547484280677	0.3892005432339755	17.837149504009844	hr_images/hr_130.png
135	1024.7780098965602	0.3956954900689887	18.024505632989673	hr_images/hr_135.png
140	982.6725933531235	0.4014938865727417	18.206715170795324	hr_images/hr_140.png
145	942.5508978865349	0.40679321318879896	18.387755493912213	hr_images/hr_145.png
150	904.2443967234949	0.4118010482455203	18.567945345922364	hr_images/hr_150.png
155	867.3876995785558	0.4166123668366976	18.74867101739783	hr_images/hr_155.png
160	831.9433893371161	0.42131858565127017	18.9298658570095	hr_images/hr_160.png
165	797.4027726524666	0.42596044699514635	19.114026194517766	hr_images/hr_165.png
170	764.4623790489244	0.4305525379843704	19.297242432235333	hr_images/hr_170.png
175	732.9039662149727	0.4350344800278418	19.48033288921549	hr_images/hr_175.png
180	702.8076337964189	0.4393884584088634	19.66243890774227	hr_images/hr_180.png
185	673.3956180945831	0.4436494508893078	19.848100748383153	hr_images/hr_185.png
190	645.0577227289731	0.4478185285170327	20.034817818279755	hr_images/hr_190.png
195	617.8672947768679	0.4519129464852811	20.22185153311282	hr_images/hr_195.png
200	591.7454320187632	0.45611888592727595	20.409454467918458	hr_images/hr_200.png
205	566.1953969495995	0.4602381836135619	20.601140265479657	hr_images/hr_205.png
210	541.4548069423142	0.464504566186762	20.79518147209707	hr_images/hr_210.png
215	516.9524005379374	0.4688282904736119	20.996298044962177	hr_images/hr_215.png
220	493.87601503459206	0.47321559186665857	21.194624255973512	hr_images/hr_220.png
225	471.8276250132845	0.4774701173220451	21.39296996086863	hr_images/hr_225.png
230	450.8820807179137	0.48167543604708474	21.59017385264093	hr_images/hr_230.png
235	431.01290108599807	0.48586616861169385	21.78590091202292	hr_images/hr_235.png
240	412.3101811936355	0.4898855923106018	21.978563018811947	hr_images/hr_240.png
245	394.66976139712233	0.4939238999441789	22.168465077468955	hr_images/hr_245.png
250	378.2562013262635	0.49794022047345415	22.352943040677296	hr_images/hr_250.png
255	362.8945235095082	0.5017230323728413	22.53299946614852	hr_images/hr_255.png
260	348.5655922712614	0.5051398559650032	22.70795846207061	hr_images/hr_260.png
265	334.8976995665469	0.5083075650793022	22.88168196514027	hr_images/hr_265.png
270	321.7571255930312	0.5113340014469631	23.05552187353748	hr_images/hr_270.png
275	309.19556887466047	0.5142589355650916	23.22847099512545	hr_images/hr_275.png
280	297.34476667738176	0.5171399572690442	23.398200616281606	hr_images/hr_280.png
285	286.120933681149	0.5200228347696669	23.565307272862725	hr_images/hr_285.png
290	275.5666391804925	0.5228797140860957	23.72853721278155	hr_images/hr_290.png
295	266.36899332086955	0.5255203001019412	23.875966914709032	hr_images/hr_295.png
300	258.20756138067964	0.5279370789578228	24.011114048204615	hr_images/hr_300.png
305	250.51152816716106	0.5299668451611749	24.142526446199987	hr_images/hr_305.png
310	243.1669645078458	0.5318564974586845	24.271757874155334	hr_images/hr_310.png
315	236.0624056569307	0.5335793262253912	24.40053532263406	hr_images/hr_315.png
320	229.35622167434997	0.5352640158172474	24.52569835269805	hr_images/hr_320.png
325	222.9648561232368	0.5369027201160063	24.6484394622582	hr_images/hr_325.png
330	217.0446396571477	0.5384436168139938	24.765312963143316	hr_images/hr_330.png
335	211.54667554986133	0.5399357837154984	24.876741560727076	hr_images/hr_335.png
340	206.26524711536885	0.5413179975153678	24.9865429943589	hr_images/hr_340.png
345	201.11563472400593	0.5426196693789138	25.09634526917489	hr_images/hr_345.png
350	196.32620261939286	0.5438877884344846	25.201020944131468	hr_images/hr_350.png
355	191.8516366080288	0.5450849879413314	25.301148525287577	hr_images/hr_355.png
360	187.5733698792973	0.546285414831233	25.399091799986856	hr_images/hr_360.png
365	183.3887391612823	0.547451463164916	25.49707696220183	hr_images/hr_365.png
370	179.44401005980913	0.5485752712136921	25.591513949464332	hr_images/hr_370.png
375	175.74139199641098	0.5497111583688659	25.682062988688685	hr_images/hr_375.png
380	172.21422720799808	0.5507603144762251	25.770113337114037	hr_images/hr_380.png
385	168.90639626521187	0.5518365378326319	25.854342648191718	hr_images/hr_385.png
390	165.83798788532738	0.5529541459334354	25.93396341051284	hr_images/hr_390.png
395	163.11434958147092	0.5540228534398709	26.005881921641	hr_images/hr_395.png
400	160.68363318791646	0.5550195167899048	26.07108717945038	hr_images/hr_400.png
405	158.38536495624894	0.5559777483175945	26.133653112178614	hr_images/hr_405.png
410	156.22433779708342	0.556882885993315	26.19331668409771	hr_images/hr_410.png
415	154.22340473912004	0.557791129294397	26.24930074197512	hr_images/hr_415.png
420	152.45830373847704	0.558692243813945	26.299292773971494	hr_images/hr_420.png
425	150.94554369304842	0.5594580008083881	26.342600648276857	hr_images/hr_425.png
430	149.6747584922943	0.560108164943164	26.379317948054815	hr_images/hr_430.png
435	148.54447565021553	0.5606252509211332	26.41223855783359	hr_images/hr_435.png
440	147.5172468231539	0.5610350141702918	26.442375625045447	hr_images/hr_440.png
445	146.59003942161166	0.5613424214911906	26.46975899233974	hr_images/hr_445.png
450	145.73570964857424	0.5616174626778249	26.49514380799049	hr_images/hr_450.png
455	144.95834352603092	0.5619534683611709	26.518371432946548	hr_images/hr_455.png
460	144.2365374354628	0.562237759055872	26.540050727686612	hr_images/hr_460.png
465	143.5156094453582	0.5625057952217275	26.56181221280075	hr_images/hr_465.png
470	142.81519060325354	0.5627811453489281	26.583059570390958	hr_images/hr_470.png
475	142.16078109100002	0.5631256487313646	26.603005598679413	hr_images/hr_475.png
480	141.5605102190503	0.5634243685517003	26.6213824159501	hr_images/hr_480.png
485	141.01341824122215	0.5636720816138573	26.638199206178342	hr_images/hr_485.png
490	140.47158219014457	0.5637910282875436	26.654918867784453	hr_images/hr_490.png
495	139.93655410091878	0.5639225464060079	26.67149185542052	hr_images/hr_495.png
500	139.44274464489934	0.5640930577040452	26.686844384842495	hr_images/hr_500.png
505	139.0472824832057	0.5642479720437777	26.699178553633885	hr_images/hr_505.png
510	138.73457961173287	0.5644045649287219	26.708956383467502	hr_images/hr_510.png
515	138.47784908299545	0.5645335860845742	26.717000516580022	hr_images/hr_515.png
520	138.25621290924346	0.5646396268221768	26.723957042794275	hr_images/hr_520.png
525	138.04475479757855	0.5647313979815166	26.730604512018985	hr_images/hr_525.png
530	137.81175649910838	0.5648147928416454	26.737940927527617	hr_images/hr_530.png
535	137.5829123140222	0.5649437007517119	26.74515862641064	hr_images/hr_535.png
540	137.3794930859426	0.5650485883028403	26.751584513197365	hr_images/hr_540.png
545	137.2128761365632	0.5650530408277011	26.756854931366124	hr_images/hr_545.png
550	137.07575422528495	0.5650739494781161	26.761197167083193	hr_images/hr_550.png
555	136.93935925272433	0.5650920631918016	26.76552069421152	hr_images/hr_555.png
560	136.8188396834887	0.5651475020642477	26.76934457875381	hr_images/hr_560.png
565	136.700205158395	0.5652092075416789	26.773111945144844	hr_images/hr_565.png
570	136.58133801857576	0.5652039238366079	26.77688997900389	hr_images/hr_570.png
575	136.4456160917764	0.5651716099578068	26.781207742349228	hr_images/hr_575.png
580	136.32895937496127	0.5651620273607131	26.784922411972808	hr_images/hr_580.png
585	136.22230719693528	0.5651271668059946	26.788321292142868	hr_images/hr_585.png
590	136.1422774687833	0.5651008302386483	26.790873494028258	hr_images/hr_590.png
595	136.07520376395806	0.5650699290228848	26.79301367549963	hr_images/hr_595.png
600	136.0188060380906	0.5650426044273423	26.794814025423154	hr_images/hr_600.png
605	135.97371274343948	0.564982878910319	26.796254048060906	hr_images/hr_605.png
610	135.92828534310047	0.5649520054940843	26.797705223088442	hr_images/hr_610.png
615	135.872158845519	0.564985919926058	26.79949884992429	hr_images/hr_615.png
620	135.81407447565292	0.5650109433654606	26.801355824522798	hr_images/hr_620.png
625	135.75669062005056	0.5650407618416171	26.803191183509284	hr_images/hr_625.png
630	135.70751946163492	0.5650228654613924	26.80476448578702	hr_images/hr_630.png
635	135.65935096385655	0.5650382246282617	26.806306259325822	hr_images/hr_635.png
640	135.61295164318898	0.5650172706491201	26.80779192291424	hr_images/hr_640.png
645	135.55983574535102	0.5650482904886126	26.8094932692661	hr_images/hr_645.png
650	135.49981114191567	0.5650675254797847	26.81141670971737	hr_images/hr_650.png
655	135.4523608386324	0.565096212874841	26.81293781987793	hr_images/hr_655.png
660	135.42464880549196	0.565093117023471	26.813826428559263	hr_images/hr_660.png
665	135.40405218828988	0.5650882906396729	26.814486993498	hr_images/hr_665.png
670	135.37985477123843	0.5650905800925975	26.81526316995898	hr_images/hr_670.png
675	135.3644904613206	0.5650679674681309	26.815756080347704	hr_images/hr_675.png
680	135.35325934961543	0.5651093389009111	26.81611642685956	hr_images/hr_680.png
685	135.33858416824074	0.5651961277801872	26.81658732027218	hr_images/hr_685.png
690	135.32552676315788	0.5652028682974616	26.817006345828275	hr_images/hr_690.png
695	135.31613263176902	0.5652109779460344	26.817307838173186	hr_images/hr_695.png
700	135.31221995744534	0.5652378775219945	26.817433416506134	hr_images/hr_700.png
705	135.30670293983522	0.5652952662108145	26.81761049283763	hr_images/hr_705.png
710	135.30294844240507	0.5653314407219723	26.8177310027683	hr_images/hr_710.png
715	135.30293099895553	0.5653059685493061	26.817731562666992	hr_images/hr_715.png
720	135.3055103758853	0.5652696729094834	26.817648770780554	hr_images/hr_720.png
725	135.30288861141184	0.5652779201681365	26.817732923219868	hr_images/hr_725.png
730	135.30159892492716	0.5652845389100376	26.81777431970437	hr_images/hr_730.png
735	135.30882031880117	0.5652578510803453	26.817542531769476	hr_images/hr_735.png
740	135.31555312578084	0.5651521632757203	26.81732643734439	hr_images/hr_740.png
745	135.3149069493837	0.5650849002128405	26.817347176387855	hr_images/hr_745.png
750	135.31080708898577	0.5650743136529305	26.81747876379106	hr_images/hr_750.png
